4
2
9
7
2
7
2
2
5
8
1
8
3
5
10
10
10
8
7
9
2
5
10
10
3
9
2
2
6
3
4
4
1
10
1
10
1
3
7
2
9
8
6
6
5
3
8
4
1
1
10
1
3
2
2
8
1
6
1
7
9
1
10
2
7
10
6
7
5
9
9
6
8
10
6
2
6
1
9
6
6
1
7
3
4
3
4
3
5
9
9
9
5
2
4
2
9
4
2
8

[4, 2, 9, 7, 2, 7, 2, 2, 5, 8, 1, 8, 3, 5, 10, 10, 10, 8, 7, 9, 2, 5, 10, 10, 3, 9, 2, 2, 6, 3, 4, 4, 1, 10, 1, 10, 1, 3, 7, 2, 9, 8, 6, 6, 5, 3, 8, 4, 1, 1, 10, 1, 3, 2, 2, 8, 1, 6, 1, 7, 9, 1, 10, 2, 7, 10, 6, 7, 5, 9, 9, 6, 8, 10, 6, 2, 6, 1, 9, 6, 6, 1, 7, 3, 4, 3, 4, 3, 5, 9, 9, 9, 5, 2, 4, 2, 9, 4, 2, 8]

1
2
6
9
10