9
3
3
9
2
5
6
8
6
1
9
3
5
6
2
2
3
1
4
5
1
1
1
5
3
2
2
3
4
10
10
10
1
2
10
7
8
3
9
4
7
2
6
5
2
6
3
2
5
8
5
8
7
3
10
8
1
4
7
9
2
9
4
10
9
4
8
5
9
6
5
9
10
6
6
3
4
1
6
1
10
9
2
1
2
2
3
1
7
6
6
8
7
7
5
7
10
6
7
10

[9, 3, 3, 9, 2, 5, 6, 8, 6, 1, 9, 3, 5, 6, 2, 2, 3, 1, 4, 5, 1, 1, 1, 5, 3, 2, 2, 3, 4, 10, 10, 10, 1, 2, 10, 7, 8, 3, 9, 4, 7, 2, 6, 5, 2, 6, 3, 2, 5, 8, 5, 8, 7, 3, 10, 8, 1, 4, 7, 9, 2, 9, 4, 10, 9, 4, 8, 5, 9, 6, 5, 9, 10, 6, 6, 3, 4, 1, 6, 1, 10, 9, 2, 1, 2, 2, 3, 1, 7, 6, 6, 8, 7, 7, 5, 7, 10, 6, 7, 10]

1
2
3
5
6
9
10
