6
10
5
1
7
3
4
6
4
10
7
9
3
4
7
10
9
10
5
10
8
3
1
7
8
4
7
3
3
9
6
6
2
1
9
1
8
10
6
6
9
2
2
10
2
3
6
9
6
3
8
7
3
9
6
8
6
3
10
3
8
6
3
2
10
9
5
9
5
5
2
4
1
6
1
5
8
7
2
5
2
6
5
2
4
10
10
7
1
2
5
3
2
2
10
6
8
4
6
4

[6, 10, 5, 1, 7, 3, 4, 6, 4, 10, 7, 9, 3, 4, 7, 10, 9, 10, 5, 10, 8, 3, 1, 7, 8, 4, 7, 3, 3, 9, 6, 6, 2, 1, 9, 1, 8, 10, 6, 6, 9, 2, 2, 10, 2, 3, 6, 9, 6, 3, 8, 7, 3, 9, 6, 8, 6, 3, 10, 3, 8, 6, 3, 2, 10, 9, 5, 9, 5, 5, 2, 4, 1, 6, 1, 5, 8, 7, 2, 5, 2, 6, 5, 2, 4, 10, 10, 7, 1, 2, 5, 3, 2, 2, 10, 6, 8, 4, 6, 4]

2
3
6
10