6
10
5
9
8
3
1
4
6
3
5
1
9
8
9
7
10
3
1
2
5
2
8
3
8
6
1
7
5
9
8
1
4
10
6
7
4
5
4
6
2
10
4
2
2
7
4
6
6
9
4
4
10
7
7
10
8
2
8
10
10
2
5
3
7
5
3
4
3
8
2
4
8
3
7
10
4
7
2
8
5
8
10
9
4
2
7
3
9
1
4
7
9
8
4
10
3
3
10
3

[6, 10, 5, 9, 8, 3, 1, 4, 6, 3, 5, 1, 9, 8, 9, 7, 10, 3, 1, 2, 5, 2, 8, 3, 8, 6, 1, 7, 5, 9, 8, 1, 4, 10, 6, 7, 4, 5, 4, 6, 2, 10, 4, 2, 2, 7, 4, 6, 6, 9, 4, 4, 10, 7, 7, 10, 8, 2, 8, 10, 10, 2, 5, 3, 7, 5, 3, 4, 3, 8, 2, 4, 8, 3, 7, 10, 4, 7, 2, 8, 5, 8, 10, 9, 4, 2, 7, 3, 9, 1, 4, 7, 9, 8, 4, 10, 3, 3, 10, 3]

2
3
4
7
8
10