3
5
1
5
3
1
9
1
1
9
10
2
6
2
5
2
9
2
1
1
4
2
8
8
9
6
4
2
8
10
7
6
7
7
4
7
7
1
2
2
1
5
1
5
3
2
1
10
9
5
8
6
7
5
3
9
9
8
10
10
2
1
6
9
8
4
4
5
5
3
6
9
10
3
7
1
7
10
1
1
1
4
1
1
9
6
5
8
2
10
9
6
6
3
10
6
6
5
4
2

[3, 5, 1, 5, 3, 1, 9, 1, 1, 9, 10, 2, 6, 2, 5, 2, 9, 2, 1, 1, 4, 2, 8, 8, 9, 6, 4, 2, 8, 10, 7, 6, 7, 7, 4, 7, 7, 1, 2, 2, 1, 5, 1, 5, 3, 2, 1, 10, 9, 5, 8, 6, 7, 5, 3, 9, 9, 8, 10, 10, 2, 1, 6, 9, 8, 4, 4, 5, 5, 3, 6, 9, 10, 3, 7, 1, 7, 10, 1, 1, 1, 4, 1, 1, 9, 6, 5, 8, 2, 10, 9, 6, 6, 3, 10, 6, 6, 5, 4, 2]

1
2
5
6
9
