10
3
6
3
8
7
3
8
3
1
6
6
10
7
7
8
4
8
5
3
7
5
9
9
10
6
5
3
4
6
3
2
10
7
2
10
6
4
7
5
2
5
10
2
4
4
5
1
6
7
2
6
5
5
4
7
7
1
4
9
5
8
4
5
8
4
3
1
8
2
7
2
2
8
5
3
6
4
8
10
3
4
5
6
9
8
1
7
6
8
2
10
4
1
9
10
3
1
10
6

[10, 3, 6, 3, 8, 7, 3, 8, 3, 1, 6, 6, 10, 7, 7, 8, 4, 8, 5, 3, 7, 5, 9, 9, 10, 6, 5, 3, 4, 6, 3, 2, 10, 7, 2, 10, 6, 4, 7, 5, 2, 5, 10, 2, 4, 4, 5, 1, 6, 7, 2, 6, 5, 5, 4, 7, 7, 1, 4, 9, 5, 8, 4, 5, 8, 4, 3, 1, 8, 2, 7, 2, 2, 8, 5, 3, 6, 4, 8, 10, 3, 4, 5, 6, 9, 8, 1, 7, 6, 8, 2, 10, 4, 1, 9, 10, 3, 1, 10, 6]

3
4
5
6
7
8
10

