3
5
2
5
8
10
3
8
8
6
6
2
1
1
2
5
4
9
2
9
7
4
8
3
5
6
2
9
4
5
7
5
8
7
8
3
10
2
9
8
3
4
7
6
6
10
5
10
4
7
3
6
8
1
2
8
10
1
1
4
2
5
5
2
5
7
3
5
3
4
7
1
4
8
5
10
1
6
8
5
1
4
6
2
3
9
6
3
5
8
8
7
2
1
6
2
5
3
9
10

[3, 5, 2, 5, 8, 10, 3, 8, 8, 6, 6, 2, 1, 1, 2, 5, 4, 9, 2, 9, 7, 4, 8, 3, 5, 6, 2, 9, 4, 5, 7, 5, 8, 7, 8, 3, 10, 2, 9, 8, 3, 4, 7, 6, 6, 10, 5, 10, 4, 7, 3, 6, 8, 1, 2, 8, 10, 1, 1, 4, 2, 5, 5, 2, 5, 7, 3, 5, 3, 4, 7, 1, 4, 8, 5, 10, 1, 6, 8, 5, 1, 4, 6, 2, 3, 9, 6, 3, 5, 8, 8, 7, 2, 1, 6, 2, 5, 3, 9, 10]

2
3
5
6
8
