2
10
7
10
10
1
2
3
2
4
1
2
5
1
2
5
2
8
10
5
3
7
3
6
10
1
9
4
8
6
8
3
1
6
2
10
4
6
4
5
7
8
8
4
1
6
3
1
4
7
3
5
2
2
5
10
10
7
8
3
2
6
4
9
1
6
6
2
9
3
5
3
7
9
5
10
3
5
10
8
9
10
9
9
1
9
4
3
4
8
2
6
1
6
9
2
7
1
3
4

[2, 10, 7, 10, 10, 1, 2, 3, 2, 4, 1, 2, 5, 1, 2, 5, 2, 8, 10, 5, 3, 7, 3, 6, 10, 1, 9, 4, 8, 6, 8, 3, 1, 6, 2, 10, 4, 6, 4, 5, 7, 8, 8, 4, 1, 6, 3, 1, 4, 7, 3, 5, 2, 2, 5, 10, 10, 7, 8, 3, 2, 6, 4, 9, 1, 6, 6, 2, 9, 3, 5, 3, 7, 9, 5, 10, 3, 5, 10, 8, 9, 10, 9, 9, 1, 9, 4, 3, 4, 8, 2, 6, 1, 6, 9, 2, 7, 1, 3, 4]

1
2
3
4
6
10
