1
9
7
7
3
5
9
8
2
3
6
8
6
5
10
4
3
9
1
1
5
9
4
6
5
8
10
8
6
4
2
8
8
5
2
9
3
6
2
2
1
1
2
8
10
3
2
7
2
6
4
6
3
9
3
4
9
7
6
8
9
10
1
9
5
1
1
10
7
9
10
10
4
9
2
6
3
3
4
8
9
6
7
2
4
5
6
5
9
4
9
3
9
9
6
9
6
8
4
2

[1, 9, 7, 7, 3, 5, 9, 8, 2, 3, 6, 8, 6, 5, 10, 4, 3, 9, 1, 1, 5, 9, 4, 6, 5, 8, 10, 8, 6, 4, 2, 8, 8, 5, 2, 9, 3, 6, 2, 2, 1, 1, 2, 8, 10, 3, 2, 7, 2, 6, 4, 6, 3, 9, 3, 4, 9, 7, 6, 8, 9, 10, 1, 9, 5, 1, 1, 10, 7, 9, 10, 10, 4, 9, 2, 6, 3, 3, 4, 8, 9, 6, 7, 2, 4, 5, 6, 5, 9, 4, 9, 3, 9, 9, 6, 9, 6, 8, 4, 2]

2
3
4
6
8
9

